{
    "NoAug": {
        "DC": 0.2717937210039445,
        "DOA": 0.22786770973922357,
        "NnT": 0.36776319356105475,
        "DT": 0.22379278227719934,
        "NnA": 0.45327735781107553
    },
    "SpAug": {
        "DC": 0.2594155647714825,
        "DOA": 0.22762046321831636,
        "NnT": 0.39127815394426074,
        "DT": 0.22273161699882504,
        "NnA": 0.4763604478639652
    },
    "SpSpecAug": {
        "DC": 0.25160818847824834,
        "DOA": 0.21554614717427156,
        "NnT": 0.365123809861496,
        "DT": 0.20948922619799576,
        "NnA": 0.4435284287626644
    }
}