{
    "SpAug": {
        "DT": 0.22273161699882502,
        "NnT": 0.3912781539442607,
        "DC": 0.2594155647714824,
        "NnA": 0.4763604478639652,
        "DOA": 0.22762046321831642
    },
    "NoAug": {
        "DT": 0.22379278227719934,
        "NnT": 0.36776319356105475,
        "DC": 0.2717937210039445,
        "NnA": 0.4532773578110755,
        "DOA": 0.22786770973922355
    },
    "SpSpecAug": {
        "DT": 0.2094892261979958,
        "NnT": 0.36512380986149606,
        "DC": 0.25160818847824834,
        "NnA": 0.4435284287626644,
        "DOA": 0.21554614717427156
    }
}