{
    "SpSpecAug": {
        "DT": 0.2094892261979958,
        "DOA": 0.2155461471742716,
        "NnT": 0.36512380986149606,
        "NnA": 0.4435284287626644,
        "DC": 0.25160818847824834
    },
    "NoAug": {
        "DT": 0.22379278227719931,
        "DOA": 0.22786770973922355,
        "NnT": 0.3677631935610547,
        "NnA": 0.4532773578110755,
        "DC": 0.2717937210039445
    },
    "SpAug": {
        "DT": 0.22273161699882502,
        "DOA": 0.22762046321831642,
        "NnT": 0.3912781539442607,
        "NnA": 0.47636044786396514,
        "DC": 0.2594155647714825
    }
}