{
    "SpAug": 0.31548124935937005,
    "NoAug": 0.3088989528784995,
    "SpSpecAug": 0.2970591600949352
}