{
    "SpAug": {
        "DT": 0.10569151227012728,
        "NnT": 0.4076433748189995,
        "DC": 0.21447969236966585,
        "NnA": 0.46247527877979977,
        "DOA": 0.13846734101746355
    },
    "NoAug": {
        "DT": 0.12612640423089505,
        "NnT": 0.3744211531108226,
        "DC": 0.2499025195095788,
        "NnA": 0.4368097816379857,
        "DOA": 0.14194089566038215
    },
    "SpSpecAug": {
        "DT": 0.08152088224141088,
        "NnT": 0.36275641817287435,
        "DC": 0.21847169884405399,
        "NnA": 0.4357754318139764,
        "DOA": 0.14568415164340592
    }
}